(1) 0 0 0 0 0 0 0
(2) 0 0 0 0 0 0 1
(3) 0 0 0 0 0 1 0
(4) 0 0 0 0 0 1 1
(5) 0 0 0 0 1 0 0
(6) 0 0 0 0 1 1 0
(7) 0 0 0 1 0 0 0
(8) 0 0 0 1 1 0 1
(9) 0 0 1 0 0 0 0
(10) 0 0 1 0 0 0 1
(11) 0 0 1 0 1 0 0
(12) 0 0 1 1 0 1 0
(13) 0 0 1 1 1 1 1
(14) 0 1 0 0 0 0 0
(15) 0 1 0 0 0 0 1
(16) 0 1 0 0 0 1 0
(17) 0 1 0 0 0 1 1
(18) 0 1 0 0 1 0 0
(19) 0 1 0 0 1 1 0
(20) 0 1 1 0 0 0 0
(21) 0 1 1 0 0 0 1
(22) 0 1 1 0 1 0 0
(23) 1 0 0 0 0 0 0
(24) 1 0 0 0 0 0 1
(25) 1 0 0 0 0 1 0
(26) 1 0 0 0 0 1 1
(27) 1 0 0 0 1 0 0
(28) 1 0 0 0 1 1 0
(29) 1 0 1 0 0 0 0
(30) 1 0 1 0 0 0 1
(31) 1 0 1 0 1 0 0
(32) 1 1 0 1 0 0 0
(33) 1 1 0 1 1 0 1
(34) 1 1 1 1 0 1 0
(35) 1 1 1 1 1 1 1