(1) 0 0 0 0 0 0 0 0 0 0 0 0
(2) 0 0 0 0 0 0 0 0 0 0 0 1
(3) 0 0 0 0 0 0 0 0 0 0 1 0
(4) 0 0 0 0 0 0 0 0 0 1 0 0
(5) 0 0 0 0 0 0 0 0 0 1 1 1
(6) 0 0 0 0 0 0 0 0 1 0 0 0
(7) 0 0 0 0 0 0 0 0 1 0 0 1
(8) 0 0 0 0 0 0 0 0 1 1 0 0
(9) 0 0 0 0 0 0 0 1 0 0 0 0
(10) 0 0 0 0 0 0 0 1 0 0 0 1
(11) 0 0 0 0 0 0 0 1 0 1 0 0
(12) 0 0 0 0 0 0 0 1 1 0 1 0
(13) 0 0 0 0 0 0 0 1 1 1 1 1
(14) 0 0 0 0 0 0 1 0 0 0 0 0
(15) 0 0 0 0 0 0 1 0 0 0 0 1
(16) 0 0 0 0 0 0 1 0 0 0 1 0
(17) 0 0 0 0 0 0 1 0 0 1 0 0
(18) 0 0 0 0 0 0 1 0 0 1 1 1
(19) 0 0 0 0 0 0 1 1 0 0 0 0
(20) 0 0 0 0 0 0 1 1 0 0 0 1
(21) 0 0 0 0 0 0 1 1 0 1 0 0
(22) 0 0 0 0 0 1 0 0 0 0 0 0
(23) 0 0 0 0 0 1 0 0 0 0 0 1
(24) 0 0 0 0 0 1 0 0 0 0 1 0
(25) 0 0 0 0 0 1 0 0 0 1 0 0
(26) 0 0 0 0 0 1 0 0 0 1 1 1
(27) 0 0 0 0 0 1 0 1 0 0 0 0
(28) 0 0 0 0 0 1 0 1 0 0 0 1
(29) 0 0 0 0 0 1 0 1 0 1 0 0
(30) 0 0 0 0 0 1 1 0 1 0 0 0
(31) 0 0 0 0 0 1 1 0 1 0 0 1
(32) 0 0 0 0 0 1 1 0 1 1 0 0
(33) 0 0 0 0 0 1 1 1 1 0 1 0
(34) 0 0 0 0 0 1 1 1 1 1 1 1
(35) 0 0 0 0 1 0 0 0 0 0 0 0
(36) 0 0 0 0 1 0 0 0 0 0 0 1
(37) 0 0 0 0 1 0 0 0 0 0 1 0
(38) 0 0 0 0 1 0 0 0 0 1 0 0
(39) 0 0 0 0 1 0 0 0 0 1 1 1
(40) 0 0 0 0 1 0 0 0 1 0 0 0
(41) 0 0 0 0 1 0 0 0 1 0 0 1
(42) 0 0 0 0 1 0 0 0 1 1 0 0
(43) 0 0 0 0 1 0 0 1 0 0 0 0
(44) 0 0 0 0 1 0 0 1 0 0 0 1
(45) 0 0 0 0 1 0 0 1 0 1 0 0
(46) 0 0 0 0 1 0 0 1 1 0 1 0
(47) 0 0 0 0 1 0 0 1 1 1 1 1
(48) 0 0 0 0 1 1 0 0 0 0 0 0
(49) 0 0 0 0 1 1 0 0 0 0 0 1
(50) 0 0 0 0 1 1 0 0 0 0 1 0
(51) 0 0 0 0 1 1 0 0 0 1 0 0
(52) 0 0 0 0 1 1 0 0 0 1 1 1
(53) 0 0 0 0 1 1 0 1 0 0 0 0
(54) 0 0 0 0 1 1 0 1 0 0 0 1
(55) 0 0 0 0 1 1 0 1 0 1 0 0
(56) 0 0 0 1 0 0 0 0 0 0 0 0
(57) 0 0 0 1 0 0 0 0 0 0 0 1
(58) 0 0 0 1 0 0 0 0 0 0 1 0
(59) 0 0 0 1 0 0 0 0 0 1 0 0
(60) 0 0 0 1 0 0 0 0 0 1 1 1
(61) 0 0 0 1 0 0 0 0 1 0 0 0
(62) 0 0 0 1 0 0 0 0 1 0 0 1
(63) 0 0 0 1 0 0 0 0 1 1 0 0
(64) 0 0 0 1 0 0 0 1 0 0 0 0
(65) 0 0 0 1 0 0 0 1 0 0 0 1
(66) 0 0 0 1 0 0 0 1 0 1 0 0
(67) 0 0 0 1 0 0 0 1 1 0 1 0
(68) 0 0 0 1 0 0 0 1 1 1 1 1
(69) 0 0 0 1 0 1 0 0 0 0 0 0
(70) 0 0 0 1 0 1 0 0 0 0 0 1
(71) 0 0 0 1 0 1 0 0 0 0 1 0
(72) 0 0 0 1 0 1 0 0 0 1 0 0
(73) 0 0 0 1 0 1 0 0 0 1 1 1
(74) 0 0 0 1 0 1 0 1 0 0 0 0
(75) 0 0 0 1 0 1 0 1 0 0 0 1
(76) 0 0 0 1 0 1 0 1 0 1 0 0
(77) 0 0 0 1 1 0 1 0 0 0 0 0
(78) 0 0 0 1 1 0 1 0 0 0 0 1
(79) 0 0 0 1 1 0 1 0 0 0 1 0
(80) 0 0 0 1 1 0 1 0 0 1 0 0
(81) 0 0 0 1 1 0 1 0 0 1 1 1
(82) 0 0 0 1 1 0 1 1 0 0 0 0
(83) 0 0 0 1 1 0 1 1 0 0 0 1
(84) 0 0 0 1 1 0 1 1 0 1 0 0
(85) 0 0 0 1 1 1 1 0 1 0 0 0
(86) 0 0 0 1 1 1 1 0 1 0 0 1
(87) 0 0 0 1 1 1 1 0 1 1 0 0
(88) 0 0 0 1 1 1 1 1 1 0 1 0
(89) 0 0 0 1 1 1 1 1 1 1 1 1
(90) 0 0 1 0 0 0 0 0 0 0 0 0
(91) 0 0 1 0 0 0 0 0 0 0 1 0
(92) 0 0 1 0 0 0 0 0 0 1 0 0
(93) 0 0 1 0 0 0 0 0 1 0 0 0
(94) 0 0 1 0 0 0 0 0 1 1 0 0
(95) 0 0 1 0 0 0 0 1 0 0 0 0
(96) 0 0 1 0 0 0 0 1 0 1 0 0
(97) 0 0 1 0 0 0 0 1 1 0 1 0
(98) 0 0 1 0 0 0 1 0 0 0 0 0
(99) 0 0 1 0 0 0 1 0 0 0 1 0
(100) 0 0 1 0 0 0 1 0 0 1 0 0
(101) 0 0 1 0 0 0 1 1 0 0 0 0
(102) 0 0 1 0 0 0 1 1 0 1 0 0
(103) 0 0 1 0 0 1 0 0 0 0 0 0
(104) 0 0 1 0 0 1 0 0 0 0 1 0
(105) 0 0 1 0 0 1 0 0 0 1 0 0
(106) 0 0 1 0 0 1 0 1 0 0 0 0
(107) 0 0 1 0 0 1 0 1 0 1 0 0
(108) 0 0 1 0 0 1 1 0 1 0 0 0
(109) 0 0 1 0 0 1 1 0 1 1 0 0
(110) 0 0 1 0 0 1 1 1 1 0 1 0
(111) 0 0 1 1 0 0 0 0 0 0 0 0
(112) 0 0 1 1 0 0 0 0 0 0 1 0
(113) 0 0 1 1 0 0 0 0 0 1 0 0
(114) 0 0 1 1 0 0 0 0 1 0 0 0
(115) 0 0 1 1 0 0 0 0 1 1 0 0
(116) 0 0 1 1 0 0 0 1 0 0 0 0
(117) 0 0 1 1 0 0 0 1 0 1 0 0
(118) 0 0 1 1 0 0 0 1 1 0 1 0
(119) 0 0 1 1 0 1 0 0 0 0 0 0
(120) 0 0 1 1 0 1 0 0 0 0 1 0
(121) 0 0 1 1 0 1 0 0 0 1 0 0
(122) 0 0 1 1 0 1 0 1 0 0 0 0
(123) 0 0 1 1 0 1 0 1 0 1 0 0
(124) 0 1 0 0 0 0 0 0 0 0 0 0
(125) 0 1 0 0 0 0 0 0 0 0 1 0
(126) 0 1 0 0 0 0 0 0 0 1 0 0
(127) 0 1 0 0 0 0 0 0 1 0 0 0
(128) 0 1 0 0 0 0 0 0 1 1 0 0
(129) 0 1 0 0 0 0 0 1 0 0 0 0
(130) 0 1 0 0 0 0 0 1 0 1 0 0
(131) 0 1 0 0 0 0 0 1 1 0 1 0
(132) 0 1 0 0 0 0 1 0 0 0 0 0
(133) 0 1 0 0 0 0 1 0 0 0 1 0
(134) 0 1 0 0 0 0 1 0 0 1 0 0
(135) 0 1 0 0 0 0 1 1 0 0 0 0
(136) 0 1 0 0 0 0 1 1 0 1 0 0
(137) 0 1 0 0 0 1 0 0 0 0 0 0
(138) 0 1 0 0 0 1 0 0 0 0 1 0
(139) 0 1 0 0 0 1 0 0 0 1 0 0
(140) 0 1 0 0 0 1 0 1 0 0 0 0
(141) 0 1 0 0 0 1 0 1 0 1 0 0
(142) 0 1 0 0 0 1 1 0 1 0 0 0
(143) 0 1 0 0 0 1 1 0 1 1 0 0
(144) 0 1 0 0 0 1 1 1 1 0 1 0
(145) 0 1 0 0 1 0 0 0 0 0 0 0
(146) 0 1 0 0 1 0 0 0 0 0 1 0
(147) 0 1 0 0 1 0 0 0 0 1 0 0
(148) 0 1 0 0 1 0 0 0 1 0 0 0
(149) 0 1 0 0 1 0 0 0 1 1 0 0
(150) 0 1 0 0 1 0 0 1 0 0 0 0
(151) 0 1 0 0 1 0 0 1 0 1 0 0
(152) 0 1 0 0 1 0 0 1 1 0 1 0
(153) 0 1 0 0 1 1 0 0 0 0 0 0
(154) 0 1 0 0 1 1 0 0 0 0 1 0
(155) 0 1 0 0 1 1 0 0 0 1 0 0
(156) 0 1 0 0 1 1 0 1 0 0 0 0
(157) 0 1 0 0 1 1 0 1 0 1 0 0
(158) 0 1 0 1 0 0 0 0 0 0 0 0
(159) 0 1 0 1 0 0 0 0 0 0 1 0
(160) 0 1 0 1 0 0 0 0 0 1 0 0
(161) 0 1 0 1 0 0 0 0 1 0 0 0
(162) 0 1 0 1 0 0 0 0 1 1 0 0
(163) 0 1 0 1 0 0 0 1 0 0 0 0
(164) 0 1 0 1 0 0 0 1 0 1 0 0
(165) 0 1 0 1 0 0 0 1 1 0 1 0
(166) 0 1 0 1 0 1 0 0 0 0 0 0
(167) 0 1 0 1 0 1 0 0 0 0 1 0
(168) 0 1 0 1 0 1 0 0 0 1 0 0
(169) 0 1 0 1 0 1 0 1 0 0 0 0
(170) 0 1 0 1 1 0 1 0 0 0 0 0
(171) 0 1 0 1 1 0 1 0 0 0 1 0
(172) 0 1 0 1 1 0 1 0 0 1 0 0
(173) 0 1 0 1 1 0 1 1 0 0 0 0
(174) 0 1 0 1 1 0 1 1 0 1 0 0
(175) 0 1 0 1 1 1 1 0 1 0 0 0
(176) 0 1 0 1 1 1 1 0 1 1 0 0
(177) 0 1 0 1 1 1 1 1 1 0 1 0
(178) 0 1 1 0 0 0 0 0 0 0 0 1
(179) 0 1 1 0 0 0 0 0 0 1 1 1
(180) 0 1 1 0 0 0 0 0 1 0 0 1
(181) 0 1 1 0 0 0 0 1 0 0 0 1
(182) 0 1 1 0 0 0 0 1 1 1 1 1
(183) 0 1 1 0 0 0 1 0 0 0 0 1
(184) 0 1 1 0 0 0 1 0 0 1 1 1
(185) 0 1 1 0 0 0 1 1 0 0 0 1
(186) 0 1 1 0 0 1 0 0 0 0 0 1
(187) 0 1 1 0 0 1 0 0 0 1 1 1
(188) 0 1 1 0 0 1 0 1 0 0 0 1
(189) 0 1 1 0 0 1 1 0 1 0 0 1
(190) 0 1 1 0 0 1 1 1 1 1 1 1
(191) 0 1 1 1 0 0 0 0 0 0 0 1
(192) 0 1 1 1 0 0 0 0 0 1 1 1
(193) 0 1 1 1 0 0 0 0 1 0 0 1
(194) 0 1 1 1 0 0 0 1 0 0 0 1
(195) 0 1 1 1 0 0 0 1 1 1 1 1
(196) 0 1 1 1 0 1 0 0 0 0 0 1
(197) 0 1 1 1 0 1 0 0 0 1 1 1
(198) 0 1 1 1 0 1 0 1 0 0 0 1
(199) 1 0 0 0 0 0 0 0 0 0 0 0
(200) 1 0 0 0 0 0 0 0 0 0 0 1
(201) 1 0 0 0 0 0 0 0 0 0 1 0
(202) 1 0 0 0 0 0 0 0 0 1 0 0
(203) 1 0 0 0 0 0 0 0 0 1 1 1
(204) 1 0 0 0 0 0 0 0 1 0 0 0
(205) 1 0 0 0 0 0 0 0 1 0 0 1
(206) 1 0 0 0 0 0 0 0 1 1 0 0
(207) 1 0 0 0 0 0 0 1 0 0 0 0
(208) 1 0 0 0 0 0 0 1 0 0 0 1
(209) 1 0 0 0 0 0 0 1 0 1 0 0
(210) 1 0 0 0 0 0 0 1 1 0 1 0
(211) 1 0 0 0 0 0 0 1 1 1 1 1
(212) 1 0 0 0 0 0 1 0 0 0 0 0
(213) 1 0 0 0 0 0 1 0 0 0 0 1
(214) 1 0 0 0 0 0 1 0 0 0 1 0
(215) 1 0 0 0 0 0 1 0 0 1 0 0
(216) 1 0 0 0 0 0 1 0 0 1 1 1
(217) 1 0 0 0 0 0 1 1 0 0 0 0
(218) 1 0 0 0 0 0 1 1 0 0 0 1
(219) 1 0 0 0 0 0 1 1 0 1 0 0
(220) 1 0 0 0 0 1 0 0 0 0 0 0
(221) 1 0 0 0 0 1 0 0 0 0 0 1
(222) 1 0 0 0 0 1 0 0 0 0 1 0
(223) 1 0 0 0 0 1 0 0 0 1 0 0
(224) 1 0 0 0 0 1 0 0 0 1 1 1
(225) 1 0 0 0 0 1 0 1 0 0 0 0
(226) 1 0 0 0 0 1 0 1 0 0 0 1
(227) 1 0 0 0 0 1 0 1 0 1 0 0
(228) 1 0 0 0 0 1 1 0 1 0 0 0
(229) 1 0 0 0 0 1 1 0 1 0 0 1
(230) 1 0 0 0 0 1 1 0 1 1 0 0
(231) 1 0 0 0 0 1 1 1 1 0 1 0
(232) 1 0 0 0 0 1 1 1 1 1 1 1
(233) 1 0 0 1 0 0 0 0 0 0 0 0
(234) 1 0 0 1 0 0 0 0 0 0 0 1
(235) 1 0 0 1 0 0 0 0 0 0 1 0
(236) 1 0 0 1 0 0 0 0 0 1 0 0
(237) 1 0 0 1 0 0 0 0 0 1 1 1
(238) 1 0 0 1 0 0 0 0 1 0 0 0
(239) 1 0 0 1 0 0 0 0 1 0 0 1
(240) 1 0 0 1 0 0 0 0 1 1 0 0
(241) 1 0 0 1 0 0 0 1 0 0 0 0
(242) 1 0 0 1 0 0 0 1 0 0 0 1
(243) 1 0 0 1 0 0 0 1 0 1 0 0
(244) 1 0 0 1 0 0 0 1 1 0 1 0
(245) 1 0 0 1 0 0 0 1 1 1 1 1
(246) 1 0 0 1 0 1 0 0 0 0 0 0
(247) 1 0 0 1 0 1 0 0 0 0 0 1
(248) 1 0 0 1 0 1 0 0 0 0 1 0
(249) 1 0 0 1 0 1 0 0 0 1 0 0
(250) 1 0 0 1 0 1 0 0 0 1 1 1
(251) 1 0 0 1 0 1 0 1 0 0 0 0
(252) 1 0 0 1 0 1 0 1 0 0 0 1
(253) 1 0 1 0 1 0 0 0 0 0 0 0
(254) 1 0 1 0 1 0 0 0 0 0 1 0
(255) 1 0 1 0 1 0 0 0 0 1 0 0
(256) 1 0 1 0 1 0 0 0 1 0 0 0
(257) 1 0 1 0 1 0 0 0 1 1 0 0
(258) 1 0 1 0 1 0 0 1 0 0 0 0
(259) 1 0 1 0 1 0 0 1 0 1 0 0
(260) 1 0 1 0 1 0 0 1 1 0 1 0
(261) 1 0 1 0 1 1 0 0 0 0 0 0
(262) 1 0 1 0 1 1 0 0 0 0 1 0
(263) 1 0 1 0 1 1 0 0 0 1 0 0
(264) 1 0 1 0 1 1 0 1 0 0 0 0
(265) 1 0 1 0 1 1 0 1 0 1 0 0
(266) 1 0 1 1 1 0 1 0 0 0 0 0
(267) 1 0 1 1 1 0 1 0 0 0 1 0
(268) 1 0 1 1 1 0 1 0 0 1 0 0
(269) 1 0 1 1 1 0 1 1 0 0 0 0
(270) 1 0 1 1 1 0 1 1 0 1 0 0
(271) 1 0 1 1 1 1 1 0 1 0 0 0
(272) 1 0 1 1 1 1 1 0 1 1 0 0
(273) 1 0 1 1 1 1 1 1 1 0 1 0
(274) 1 1 0 0 0 0 0 0 0 0 0 0
(275) 1 1 0 0 0 0 0 0 0 0 1 0
(276) 1 1 0 0 0 0 0 0 0 1 0 0
(277) 1 1 0 0 0 0 0 0 1 0 0 0
(278) 1 1 0 0 0 0 0 0 1 1 0 0
(279) 1 1 0 0 0 0 0 1 0 0 0 0
(280) 1 1 0 0 0 0 0 1 0 1 0 0
(281) 1 1 0 0 0 0 0 1 1 0 1 0
(282) 1 1 0 0 0 0 1 0 0 0 0 0
(283) 1 1 0 0 0 0 1 0 0 0 1 0
(284) 1 1 0 0 0 0 1 0 0 1 0 0
(285) 1 1 0 0 0 0 1 1 0 0 0 0
(286) 1 1 0 0 0 0 1 1 0 1 0 0
(287) 1 1 0 0 0 1 0 0 0 0 0 0
(288) 1 1 0 0 0 1 0 0 0 0 1 0
(289) 1 1 0 0 0 1 0 0 0 1 0 0
(290) 1 1 0 0 0 1 0 1 0 0 0 0
(291) 1 1 0 0 0 1 1 0 1 0 0 0
(292) 1 1 0 0 0 1 1 0 1 1 0 0
(293) 1 1 0 0 0 1 1 1 1 0 1 0
(294) 1 1 0 1 0 0 0 0 0 0 0 0
(295) 1 1 0 1 0 0 0 0 0 0 1 0
(296) 1 1 0 1 0 0 0 0 0 1 0 0
(297) 1 1 0 1 0 0 0 0 1 0 0 0
(298) 1 1 0 1 0 0 0 0 1 1 0 0
(299) 1 1 0 1 0 0 0 1 0 0 0 0
(300) 1 1 0 1 0 0 0 1 1 0 1 0
(301) 1 1 0 1 0 1 0 0 0 0 0 0
(302) 1 1 0 1 0 1 0 0 0 0 1 0
(303) 1 1 0 1 0 1 0 1 0 1 0 0
(304) 1 1 1 0 1 0 0 0 0 0 0 1
(305) 1 1 1 0 1 0 0 0 0 1 1 1
(306) 1 1 1 0 1 0 0 0 1 0 0 1
(307) 1 1 1 0 1 0 0 1 0 0 0 1
(308) 1 1 1 0 1 0 0 1 1 1 1 1
(309) 1 1 1 0 1 1 0 0 0 0 0 1
(310) 1 1 1 0 1 1 0 0 0 1 1 1
(311) 1 1 1 0 1 1 0 1 0 0 0 1
(312) 1 1 1 1 1 0 1 0 0 0 0 1
(313) 1 1 1 1 1 0 1 0 0 1 1 1
(314) 1 1 1 1 1 0 1 1 0 0 0 1
(315) 1 1 1 1 1 1 1 0 1 0 0 1
(316) 1 1 1 1 1 1 1 1 1 1 1 1