(1) 0 0 0 0 0 0 0 0 0 0 
(2) 0 0 0 0 0 0 0 0 0 1 
(3) 0 0 0 0 0 0 0 0 1 0 
(4) 0 0 0 0 0 0 0 1 0 0 
(5) 0 0 0 0 0 0 0 1 1 1 
(6) 0 0 0 0 0 0 1 0 0 0 
(7) 0 0 0 0 0 0 1 1 0 0 
(8) 0 0 0 0 0 1 0 0 0 0 
(9) 0 0 0 0 0 1 0 0 1 0 
(10) 0 0 0 0 0 1 1 0 0 1 
(11) 0 0 0 0 1 0 0 0 0 0 
(12) 0 0 0 0 1 0 0 0 0 1 
(13) 0 0 0 0 1 0 1 0 1 0 
(14) 0 0 0 0 1 1 0 1 0 0 
(15) 0 0 0 0 1 1 1 1 1 1 
(16) 0 0 0 1 0 0 0 0 0 0 
(17) 0 0 0 1 0 0 0 1 0 0 
(18) 0 0 0 1 0 1 0 0 0 0 
(19) 0 0 0 1 1 0 0 0 0 0 
(20) 0 0 0 1 1 1 0 1 0 0 
(21) 0 0 1 0 0 0 0 0 0 0 
(22) 0 0 1 0 0 0 0 0 1 0 
(23) 0 0 1 0 0 0 1 0 0 0 
(24) 0 0 1 0 1 0 0 0 0 0 
(25) 0 0 1 0 1 0 1 0 1 0 
(26) 0 0 1 1 0 0 0 0 0 1 
(27) 0 0 1 1 1 0 0 0 0 1 
(28) 0 1 0 0 0 0 0 0 0 0 
(29) 0 1 0 0 0 0 0 0 0 1 
(30) 0 1 0 0 0 0 1 0 0 0 
(31) 0 1 0 0 0 1 0 0 0 0 
(32) 0 1 0 0 0 1 1 0 0 1 
(33) 0 1 0 1 0 0 0 0 1 0 
(34) 0 1 0 1 0 1 0 0 1 0 
(35) 0 1 1 0 0 0 0 1 0 0 
(36) 0 1 1 0 0 0 1 1 0 0 
(37) 0 1 1 1 0 0 0 1 1 1 
(38) 1 0 0 0 0 0 0 0 0 0 
(39) 1 0 0 0 0 0 0 0 0 1 
(40) 1 0 0 0 0 0 0 0 1 0 
(41) 1 0 0 0 0 0 0 1 0 0 
(42) 1 0 0 0 0 0 0 1 1 1 
(43) 1 0 0 1 0 0 1 0 0 0 
(44) 1 0 0 1 0 0 1 1 0 0 
(45) 1 0 1 0 0 1 0 0 0 0 
(46) 1 0 1 0 0 1 0 0 1 0 
(47) 1 0 1 1 0 1 1 0 0 1 
(48) 1 1 0 0 1 0 0 0 0 0 
(49) 1 1 0 0 1 0 0 0 0 1 
(50) 1 1 0 1 1 0 1 0 1 0 
(51) 1 1 1 0 1 1 0 1 0 0 
(52) 1 1 1 1 1 1 1 1 1 1