000000000000000 
000000000000001 
000000000000010 
000000000000100 
000000000000111 
000000000001000 
000000000001100 
000000000010000 
000000000010010 
000000000011001 
000000000100000 
000000000100001 
000000000101010 
000000000110100 
000000000111111 
000000001000000 
000000001000100 
000000001010000 
000000001100000 
000000001110100 
000000010000000 
000000010000010 
000000010001000 
000000010100000 
000000010101010 
000000011000001 
000000011100001 
000000100000000 
000000100000001 
000000100001000 
000000100010000 
000000100011001 
000000101000010 
000000101010010 
000000110000100 
000000110001100 
000000111000111 
000001000000000 
000001000000001 
000001000000010 
000001000000100 
000001000000111 
000001001001000 
000001001001100 
000001010010000 
000001010010010 
000001011011001 
000001100100000 
000001100100001 
000001101101010 
000001110110100 
000001111111111 
000010000000000 
000010000000100 
000010000010000 
000010000100000 
000010000110100 
000010010000000 
000010010100000 
000010100000000 
000010100010000 
000010110000100 
000011000000000 
000011000000100 
000011010010000 
000011100100000 
000011110110100 
000100000000000 
000100000000010 
000100000001000 
000100000100000 
000100000101010 
000100001000000 
000100001100000 
000100100000000 
000100100001000 
000100101000010 
000101000000000 
000101000000010 
000101001001000 
000101100100000 
000101101101010 
000110000000001 
000110000100001 
000110100000001 
000111000000001 
000111100100001 
001000000000000 
001000000000001 
001000000001000 
001000000010000 
001000000011001 
001000001000000 
001000001010000 
001000010000000 
001000010001000 
001000011000001 
001001000000000 
001001000000001 
001001001001000 
001001010010000 
001001011011001 
001010000000010 
001010000010010 
001010010000010 
001011000000010 
001011010010010 
001100000000100 
001100000001100 
001100001000100 
001101000000100 
001101001001100 
001110000000111 
001111000000111 
010000000000000 
010000000000001 
010000000000010 
010000000000100 
010000000000111 
010000001000000 
010000001000100 
010000010000000 
010000010000010 
010000011000001 
010000100000000 
010000100000001 
010000101000010 
010000110000100 
010000111000111 
010010000001000 
010010000001100 
010010010001000 
010010100001000 
010010110001100 
010100000010000 
010100000010010 
010100001010000 
010100100010000 
010100101010010 
010110000011001 
010110100011001 
011000000100000 
011000000100001 
011000001100000 
011000010100000 
011000011100001 
011010000101010 
011010010101010 
011100000110100 
011100001110100 
011110000111111 
100000000000000 
100000000000001 
100000000000010 
100000000000100 
100000000000111 
100000000001000 
100000000001100 
100000000010000 
100000000010010 
100000000011001 
100000000100000 
100000000100001 
100000000101010 
100000000110100 
100000000111111 
100010001000000 
100010001000100 
100010001010000 
100010001100000 
100010001110100 
100100010000000 
100100010000010 
100100010001000 
100100010100000 
100100010101010 
100110011000001 
100110011100001 
101000100000000 
101000100000001 
101000100001000 
101000100010000 
101000100011001 
101010101000010 
101010101010010 
101100110000100 
101100110001100 
101110111000111 
110001000000000 
110001000000001 
110001000000010 
110001000000100 
110001000000111 
110011001001000 
110011001001100 
110101010010000 
110101010010010 
110111011011001 
111001100100000 
111001100100001 
111011101101010 
111101110110100 
111111111111111