(1) 0 0 0 0 0 0 0 0 0 0  
(2) 0 0 0 0 0 0 0 0 0 1
(3) 0 0 0 0 0 0 0 0 1 0
(4) 0 0 0 0 0 0 0 1 0 0
(5) 0 0 0 0 0 0 0 1 0 1
(6) 0 0 0 0 0 0 1 0 0 0
(7) 0 0 0 0 0 0 1 0 0 1
(8) 0 0 0 0 0 0 1 0 1 0
(9) 0 0 0 0 0 1 0 0 0 0
(10) 0 0 0 0 0 1 0 0 1 0
(11) 0 0 0 0 0 1 0 1 0 0
(12) 0 0 0 0 1 0 0 0 0 0
(13) 0 0 0 0 1 0 0 0 1 0
(14) 0 0 0 0 1 0 0 1 0 0
(15) 0 0 0 0 1 0 1 0 0 0
(16) 0 0 0 0 1 0 1 0 1 0
(17) 0 0 0 0 1 1 0 0 0 1
(18) 0 0 0 0 1 1 0 1 0 1
(19) 0 0 0 1 0 0 0 0 0 0
(20) 0 0 0 1 0 0 0 0 1 1
(21) 0 0 0 1 0 0 0 1 0 0
(22) 0 0 0 1 0 0 1 0 0 0
(23) 0 0 0 1 0 0 1 0 1 1
(24) 0 0 0 1 0 1 0 0 0 0
(25) 0 0 0 1 0 1 0 1 0 0
(26) 0 0 0 1 1 0 0 0 0 0
(27) 0 0 0 1 1 0 0 1 0 0
(28) 0 0 0 1 1 0 1 0 0 0
(29) 0 0 0 1 1 1 0 0 1 1
(30) 0 0 1 0 0 0 0 0 0 0
(31) 0 0 1 0 0 0 0 0 0 1
(32) 0 0 1 0 0 0 0 1 1 0
(33) 0 0 1 0 0 0 1 0 0 0
(34) 0 0 1 0 0 0 1 0 0 1
(35) 0 0 1 0 0 1 0 0 0 0
(36) 0 0 1 0 0 1 0 1 1 0
(37) 0 0 1 0 1 0 0 0 0 0
(38) 0 0 1 0 1 0 0 1 1 0
(39) 0 0 1 0 1 0 1 0 0 0
(40) 0 0 1 0 1 1 0 0 0 1
(41) 0 0 1 1 0 0 0 0 0 0
(42) 0 0 1 1 0 0 0 1 1 1
(43) 0 0 1 1 0 0 1 0 0 0
(44) 0 0 1 1 0 1 0 0 0 0
(45) 0 0 1 1 1 0 0 0 0 0
(46) 0 0 1 1 1 0 1 0 0 0
(47) 0 0 1 1 1 1 0 1 1 1
(48) 0 1 0 0 0 0 0 0 0 0
(49) 0 1 0 0 0 0 0 0 0 1
(50) 0 1 0 0 0 0 0 0 1 0
(51) 0 1 0 0 0 0 1 1 0 0
(52) 0 1 0 0 0 0 1 1 0 1
(53) 0 1 0 0 0 1 0 0 0 0
(54) 0 1 0 0 0 1 0 0 1 0
(55) 0 1 0 0 1 0 0 0 0 0
(56) 0 1 0 0 1 0 0 0 1 0
(57) 0 1 0 0 1 0 1 1 0 0
(58) 0 1 0 0 1 1 0 0 0 1
(59) 0 1 0 1 0 0 0 0 0 0
(60) 0 1 0 1 0 0 0 0 1 1
(61) 0 1 0 1 0 0 1 1 0 0
(62) 0 1 0 1 0 1 0 0 0 0
(63) 0 1 0 1 1 0 0 0 0 0
(64) 0 1 0 1 1 0 1 1 0 0
(65) 0 1 0 1 1 1 0 0 1 1
(66) 0 1 1 0 0 0 0 0 0 0
(67) 0 1 1 0 0 0 0 0 0 1
(68) 0 1 1 0 0 0 1 1 1 0
(69) 0 1 1 0 0 1 0 0 0 0
(70) 0 1 1 0 1 0 0 0 0 0
(71) 0 1 1 0 1 0 1 1 1 0
(72) 0 1 1 0 1 1 0 0 0 1
(73) 0 1 1 1 0 0 0 0 0 0
(74) 0 1 1 1 0 0 1 1 1 1
(75) 0 1 1 1 0 1 0 0 0 0
(76) 1 0 0 0 0 0 0 0 0 0
(77) 1 0 0 0 0 0 0 0 0 1
(78) 1 0 0 0 0 0 0 0 1 0
(79) 1 0 0 0 0 0 0 1 0 0
(80) 1 0 0 0 0 0 0 1 0 1
(81) 1 0 0 0 0 1 1 0 0 0
(82) 1 0 0 0 0 1 1 0 1 0
(83) 1 0 0 0 1 0 0 0 0 0
(84) 1 0 0 0 1 0 0 0 1 0
(85) 1 0 0 0 1 0 0 1 0 0
(86) 1 0 0 0 1 1 1 0 0 1
(87) 1 0 0 1 0 0 0 0 0 0
(88) 1 0 0 1 0 0 0 0 1 1
(89) 1 0 0 1 0 0 0 1 0 0
(90) 1 0 0 1 0 1 1 0 0 0
(91) 1 0 0 1 1 0 0 0 0 0
(92) 1 0 0 1 1 0 0 1 0 0
(93) 1 0 0 1 1 1 1 0 1 1
(94) 1 0 1 0 0 0 0 0 0 0
(95) 1 0 1 0 0 0 0 0 0 1
(96) 1 0 1 0 0 0 0 1 1 0
(97) 1 0 1 0 0 1 1 0 0 0
(98) 1 0 1 0 1 0 0 0 0 0
(99) 1 0 1 0 1 0 0 1 1 0
(100) 1 0 1 0 1 1 1 0 0 1
(101) 1 0 1 1 0 0 0 0 0 0
(102) 1 0 1 1 0 0 0 1 1 1
(103) 1 0 1 1 0 1 1 0 0 0
(104) 1 1 0 0 0 0 0 0 0 0
(105) 1 1 0 0 0 0 0 0 0 1
(106) 1 1 0 0 0 0 0 0 1 0
(107) 1 1 0 0 0 1 1 1 0 0
(108) 1 1 0 0 1 0 0 0 0 0
(109) 1 1 0 0 1 0 0 0 1 0
(110) 1 1 0 0 1 1 1 1 0 1
(111) 1 1 0 1 0 0 0 0 0 0
(112) 1 1 0 1 0 0 0 0 1 1
(113) 1 1 0 1 0 1 1 1 0 0
(114) 1 1 1 0 0 0 0 0 0 0
(115) 1 1 1 0 0 0 0 0 0 1
(116) 1 1 1 0 0 1 1 1 1 0
(117) 1 1 1 1 1 0 0 0 0 0
(118) 1 1 1 1 1 1 1 1 1 1