000000000000000000000
000000000000000000001
000000000000000000010
000000000000000000100
000000000000000000111
000000000000000001000
000000000000000001100
000000000000000010000
000000000000000010010
000000000000000011001
000000000000000100000
000000000000000100001
000000000000000101010
000000000000000110100
000000000000000111111
000000000000001000000
000000000000001000100
000000000000001010000
000000000000001100000
000000000000001110100
000000000000010000000
000000000000010000010
000000000000010001000
000000000000010100000
000000000000010101010
000000000000011000001
000000000000011100001
000000000000100000000
000000000000100000001
000000000000100001000
000000000000100010000
000000000000100011001
000000000000101000010
000000000000101010010
000000000000110000100
000000000000110001100
000000000000111000111
000000000001000000000
000000000001000000001
000000000001000000010
000000000001000000100
000000000001000000111
000000000001001001000
000000000001001001100
000000000001010010000
000000000001010010010
000000000001011011001
000000000001100100000
000000000001100100001
000000000001101101010
000000000001110110100
000000000001111111111
000000000010000000000
000000000010000000100
000000000010000010000
000000000010000100000
000000000010000110100
000000000010010000000
000000000010010100000
000000000010100000000
000000000010100010000
000000000010110000100
000000000011000000000
000000000011000000100
000000000011010010000
000000000011100100000
000000000011110110100
000000000100000000000
000000000100000000010
000000000100000001000
000000000100000100000
000000000100000101010
000000000100001000000
000000000100001100000
000000000100100000000
000000000100100001000
000000000100101000010
000000000101000000000
000000000101000000010
000000000101001001000
000000000101100100000
000000000101101101010
000000000110000000001
000000000110000100001
000000000110100000001
000000000111000000001
000000000111100100001
000000001000000000000
000000001000000000001
000000001000000001000
000000001000000010000
000000001000000011001
000000001000001000000
000000001000001010000
000000001000010000000
000000001000010001000
000000001000011000001
000000001001000000000
000000001001000000001
000000001001001001000
000000001001010010000
000000001001011011001
000000001010000000010
000000001010000010010
000000001010010000010
000000001011000000010
000000001011010010010
000000001100000000100
000000001100000001100
000000001100001000100
000000001101000000100
000000001101001001100
000000001110000000111
000000001111000000111
000000010000000000000
000000010000000000001
000000010000000000010
000000010000000000100
000000010000000000111
000000010000001000000
000000010000001000100
000000010000010000000
000000010000010000010
000000010000011000001
000000010000100000000
000000010000100000001
000000010000101000010
000000010000110000100
000000010000111000111
000000010010000001000
000000010010000001100
000000010010010001000
000000010010100001000
000000010010110001100
000000010100000010000
000000010100000010010
000000010100001010000
000000010100100010000
000000010100101010010
000000010110000011001
000000010110100011001
000000011000000100000
000000011000000100001
000000011000001100000
000000011000010100000
000000011000011100001
000000011010000101010
000000011010010101010
000000011100000110100
000000011100001110100
000000011110000111111
000000100000000000000
000000100000000000001
000000100000000000010
000000100000000000100
000000100000000000111
000000100000000001000
000000100000000001100
000000100000000010000
000000100000000010010
000000100000000011001
000000100000000100000
000000100000000100001
000000100000000101010
000000100000000110100
000000100000000111111
000000100010001000000
000000100010001000100
000000100010001010000
000000100010001100000
000000100010001110100
000000100100010000000
000000100100010000010
000000100100010001000
000000100100010100000
000000100100010101010
000000100110011000001
000000100110011100001
000000101000100000000
000000101000100000001
000000101000100001000
000000101000100010000
000000101000100011001
000000101010101000010
000000101010101010010
000000101100110000100
000000101100110001100
000000101110111000111
000000110001000000000
000000110001000000001
000000110001000000010
000000110001000000100
000000110001000000111
000000110011001001000
000000110011001001100
000000110101010010000
000000110101010010010
000000110111011011001
000000111001100100000
000000111001100100001
000000111011101101010
000000111101110110100
000000111111111111111
000001000000000000000
000001000000000000100
000001000000000010000
000001000000000100000
000001000000000110100
000001000000010000000
000001000000010100000
000001000000100000000
000001000000100010000
000001000000110000100
000001000001000000000
000001000001000000100
000001000001010010000
000001000001100100000
000001000001110110100
000001000100000000000
000001000100000100000
000001000100100000000
000001000101000000000
000001000101100100000
000001001000000000000
000001001000000010000
000001001000010000000
000001001001000000000
000001001001010010000
000001001100000000100
000001001101000000100
000001010000000000000
000001010000000000100
000001010000010000000
000001010000100000000
000001010000110000100
000001010100000010000
000001010100100010000
000001011000000100000
000001011000010100000
000001011100000110100
000001100000000000000
000001100000000000100
000001100000000010000
000001100000000100000
000001100000000110100
000001100100010000000
000001100100010100000
000001101000100000000
000001101000100010000
000001101100110000100
000001110001000000000
000001110001000000100
000001110101010010000
000001111001100100000
000001111101110110100
000010000000000000000
000010000000000000010
000010000000000001000
000010000000000100000
000010000000000101010
000010000000001000000
000010000000001100000
000010000000100000000
000010000000100001000
000010000000101000010
000010000001000000000
000010000001000000010
000010000001001001000
000010000001100100000
000010000001101101010
000010000010000000000
000010000010000100000
000010000010100000000
000010000011000000000
000010000011100100000
000010001000000000000
000010001000000001000
000010001000001000000
000010001001000000000
000010001001001001000
000010001010000000010
000010001011000000010
000010010000000000000
000010010000000000010
000010010000001000000
000010010000100000000
000010010000101000010
000010010010000001000
000010010010100001000
000010011000000100000
000010011000001100000
000010011010000101010
000010100000000000000
000010100000000000010
000010100000000001000
000010100000000100000
000010100000000101010
000010100010001000000
000010100010001100000
000010101000100000000
000010101000100001000
000010101010101000010
000010110001000000000
000010110001000000010
000010110011001001000
000010111001100100000
000010111011101101010
000011000000000000001
000011000000000100001
000011000000100000001
000011000001000000001
000011000001100100001
000011001000000000001
000011001001000000001
000011010000000000001
000011010000100000001
000011011000000100001
000011100000000000001
000011100000000100001
000011101000100000001
000011110001000000001
000011111001100100001
000100000000000000000
000100000000000000001
000100000000000001000
000100000000000010000
000100000000000011001
000100000000001000000
000100000000001010000
000100000000010000000
000100000000010001000
000100000000011000001
000100000001000000000
000100000001000000001
000100000001001001000
000100000001010010000
000100000001011011001
000100000010000000000
000100000010000010000
000100000010010000000
000100000011000000000
000100000011010010000
000100000100000000000
000100000100000001000
000100000100001000000
000100000101000000000
000100000101001001000
000100000110000000001
000100000111000000001
000100010000000000000
000100010000000000001
000100010000001000000
000100010000010000000
000100010000011000001
000100010010000001000
000100010010010001000
000100010100000010000
000100010100001010000
000100010110000011001
000100100000000000000
000100100000000000001
000100100000000001000
000100100000000010000
000100100000000011001
000100100010001000000
000100100010001010000
000100100100010000000
000100100100010001000
000100100110011000001
000100110001000000000
000100110001000000001
000100110011001001000
000100110101010010000
000100110111011011001
000101000000000000010
000101000000000010010
000101000000010000010
000101000001000000010
000101000001010010010
000101000100000000010
000101000101000000010
000101010000000000010
000101010000010000010
000101010100000010010
000101100000000000010
000101100000000010010
000101100100010000010
000101110001000000010
000101110101010010010
000110000000000000100
000110000000000001100
000110000000001000100
000110000001000000100
000110000001001001100
000110000010000000100
000110000011000000100
000110010000000000100
000110010000001000100
000110010010000001100
000110100000000000100
000110100000000001100
000110100010001000100
000110110001000000100
000110110011001001100
000111000000000000111
000111000001000000111
000111010000000000111
000111100000000000111
000111110001000000111
001000000000000000000
001000000000000000001
001000000000000000010
001000000000000000100
001000000000000000111
001000000000001000000
001000000000001000100
001000000000010000000
001000000000010000010
001000000000011000001
001000000000100000000
001000000000100000001
001000000000101000010
001000000000110000100
001000000000111000111
001000000010000000000
001000000010000000100
001000000010010000000
001000000010100000000
001000000010110000100
001000000100000000000
001000000100000000010
001000000100001000000
001000000100100000000
001000000100101000010
001000000110000000001
001000000110100000001
001000001000000000000
001000001000000000001
001000001000001000000
001000001000010000000
001000001000011000001
001000001010000000010
001000001010010000010
001000001100000000100
001000001100001000100
001000001110000000111
001000100000000000000
001000100000000000001
001000100000000000010
001000100000000000100
001000100000000000111
001000100010001000000
001000100010001000100
001000100100010000000
001000100100010000010
001000100110011000001
001000101000100000000
001000101000100000001
001000101010101000010
001000101100110000100
001000101110111000111
001001000000000001000
001001000000000001100
001001000000010001000
001001000000100001000
001001000000110001100
001001000100000001000
001001000100100001000
001001001000000001000
001001001000010001000
001001001100000001100
001001100000000001000
001001100000000001100
001001100100010001000
001001101000100001000
001001101100110001100
001010000000000010000
001010000000000010010
001010000000001010000
001010000000100010000
001010000000101010010
001010000010000010000
001010000010100010000
001010001000000010000
001010001000001010000
001010001010000010010
001010100000000010000
001010100000000010010
001010100010001010000
001010101000100010000
001010101010101010010
001011000000000011001
001011000000100011001
001011001000000011001
001011100000000011001
001011101000100011001
001100000000000100000
001100000000000100001
001100000000001100000
001100000000010100000
001100000000011100001
001100000010000100000
001100000010010100000
001100000100000100000
001100000100001100000
001100000110000100001
001100100000000100000
001100100000000100001
001100100010001100000
001100100100010100000
001100100110011100001
001101000000000101010
001101000000010101010
001101000100000101010
001101100000000101010
001101100100010101010
001110000000000110100
001110000000001110100
001110000010000110100
001110100000000110100
001110100010001110100
001111000000000111111
001111100000000111111
010000000000000000000
010000000000000000001
010000000000000000010
010000000000000000100
010000000000000000111
010000000000000001000
010000000000000001100
010000000000000010000
010000000000000010010
010000000000000011001
010000000000000100000
010000000000000100001
010000000000000101010
010000000000000110100
010000000000000111111
010000000010000000000
010000000010000000100
010000000010000010000
010000000010000100000
010000000010000110100
010000000100000000000
010000000100000000010
010000000100000001000
010000000100000100000
010000000100000101010
010000000110000000001
010000000110000100001
010000001000000000000
010000001000000000001
010000001000000001000
010000001000000010000
010000001000000011001
010000001010000000010
010000001010000010010
010000001100000000100
010000001100000001100
010000001110000000111
010000010000000000000
010000010000000000001
010000010000000000010
010000010000000000100
010000010000000000111
010000010010000001000
010000010010000001100
010000010100000010000
010000010100000010010
010000010110000011001
010000011000000100000
010000011000000100001
010000011010000101010
010000011100000110100
010000011110000111111
010001000000001000000
010001000000001000100
010001000000001010000
010001000000001100000
010001000000001110100
010001000100001000000
010001000100001100000
010001001000001000000
010001001000001010000
010001001100001000100
010001010000001000000
010001010000001000100
010001010100001010000
010001011000001100000
010001011100001110100
010010000000010000000
010010000000010000010
010010000000010001000
010010000000010100000
010010000000010101010
010010000010010000000
010010000010010100000
010010001000010000000
010010001000010001000
010010001010010000010
010010010000010000000
010010010000010000010
010010010010010001000
010010011000010100000
010010011010010101010
010011000000011000001
010011000000011100001
010011001000011000001
010011010000011000001
010011011000011100001
010100000000100000000
010100000000100000001
010100000000100001000
010100000000100010000
010100000000100011001
010100000010100000000
010100000010100010000
010100000100100000000
010100000100100001000
010100000110100000001
010100010000100000000
010100010000100000001
010100010010100001000
010100010100100010000
010100010110100011001
010101000000101000010
010101000000101010010
010101000100101000010
010101010000101000010
010101010100101010010
010110000000110000100
010110000000110001100
010110000010110000100
010110010000110000100
010110010010110001100
010111000000111000111
010111010000111000111
011000000001000000000
011000000001000000001
011000000001000000010
011000000001000000100
011000000001000000111
011000000011000000000
011000000011000000100
011000000101000000000
011000000101000000010
011000000111000000001
011000001001000000000
011000001001000000001
011000001011000000010
011000001101000000100
011000001111000000111
011001000001001001000
011001000001001001100
011001000101001001000
011001001001001001000
011001001101001001100
011010000001010010000
011010000001010010010
011010000011010010000
011010001001010010000
011010001011010010010
011011000001011011001
011011001001011011001
011100000001100100000
011100000001100100001
011100000011100100000
011100000101100100000
011100000111100100001
011101000001101101010
011101000101101101010
011110000001110110100
011110000011110110100
011111000001111111111
100000000000000000000
100000000000000000001
100000000000000000010
100000000000000000100
100000000000000000111
100000000000000001000
100000000000000001100
100000000000000010000
100000000000000010010
100000000000000011001
100000000000000100000
100000000000000100001
100000000000000101010
100000000000000110100
100000000000000111111
100000000000001000000
100000000000001000100
100000000000001010000
100000000000001100000
100000000000001110100
100000000000010000000
100000000000010000010
100000000000010001000
100000000000010100000
100000000000010101010
100000000000011000001
100000000000011100001
100000000000100000000
100000000000100000001
100000000000100001000
100000000000100010000
100000000000100011001
100000000000101000010
100000000000101010010
100000000000110000100
100000000000110001100
100000000000111000111
100000000001000000000
100000000001000000001
100000000001000000010
100000000001000000100
100000000001000000111
100000000001001001000
100000000001001001100
100000000001010010000
100000000001010010010
100000000001011011001
100000000001100100000
100000000001100100001
100000000001101101010
100000000001110110100
100000000001111111111
100001000010000000000
100001000010000000100
100001000010000010000
100001000010000100000
100001000010000110100
100001000010010000000
100001000010010100000
100001000010100000000
100001000010100010000
100001000010110000100
100001000011000000000
100001000011000000100
100001000011010010000
100001000011100100000
100001000011110110100
100010000100000000000
100010000100000000010
100010000100000001000
100010000100000100000
100010000100000101010
100010000100001000000
100010000100001100000
100010000100100000000
100010000100100001000
100010000100101000010
100010000101000000000
100010000101000000010
100010000101001001000
100010000101100100000
100010000101101101010
100011000110000000001
100011000110000100001
100011000110100000001
100011000111000000001
100011000111100100001
100100001000000000000
100100001000000000001
100100001000000001000
100100001000000010000
100100001000000011001
100100001000001000000
100100001000001010000
100100001000010000000
100100001000010001000
100100001000011000001
100100001001000000000
100100001001000000001
100100001001001001000
100100001001010010000
100100001001011011001
100101001010000000010
100101001010000010010
100101001010010000010
100101001011000000010
100101001011010010010
100110001100000000100
100110001100000001100
100110001100001000100
100110001101000000100
100110001101001001100
100111001110000000111
100111001111000000111
101000010000000000000
101000010000000000001
101000010000000000010
101000010000000000100
101000010000000000111
101000010000001000000
101000010000001000100
101000010000010000000
101000010000010000010
101000010000011000001
101000010000100000000
101000010000100000001
101000010000101000010
101000010000110000100
101000010000111000111
101001010010000001000
101001010010000001100
101001010010010001000
101001010010100001000
101001010010110001100
101010010100000010000
101010010100000010010
101010010100001010000
101010010100100010000
101010010100101010010
101011010110000011001
101011010110100011001
101100011000000100000
101100011000000100001
101100011000001100000
101100011000010100000
101100011000011100001
101101011010000101010
101101011010010101010
101110011100000110100
101110011100001110100
101111011110000111111
110000100000000000000
110000100000000000001
110000100000000000010
110000100000000000100
110000100000000000111
110000100000000001000
110000100000000001100
110000100000000010000
110000100000000010010
110000100000000011001
110000100000000100000
110000100000000100001
110000100000000101010
110000100000000110100
110000100000000111111
110001100010001000000
110001100010001000100
110001100010001010000
110001100010001100000
110001100010001110100
110010100100010000000
110010100100010000010
110010100100010001000
110010100100010100000
110010100100010101010
110011100110011000001
110011100110011100001
110100101000100000000
110100101000100000001
110100101000100001000
110100101000100010000
110100101000100011001
110101101010101000010
110101101010101010010
110110101100110000100
110110101100110001100
110111101110111000111
111000110001000000000
111000110001000000001
111000110001000000010
111000110001000000100
111000110001000000111
111001110011001001000
111001110011001001100
111010110101010010000
111010110101010010010
111011110111011011001
111100111001100100000
111100111001100100001
111101111011101101010
111110111101110110100
111111111111111111111