(1) 0 0 0 0 0 0 0 0
(2) 0 0 0 0 0 0 0 1
(3) 0 0 0 0 0 0 1 0
(4) 0 0 0 0 0 1 0 0
(5) 0 0 0 0 0 1 1 1
(6) 0 0 0 0 1 0 0 0
(7) 0 0 0 0 1 0 0 1
(8) 0 0 0 0 1 0 1 0
(9) 0 0 0 0 1 1 0 0
(10) 0 0 0 0 1 1 1 1
(11) 0 0 0 1 0 0 0 0
(12) 0 0 0 1 0 1 0 0
(13) 0 0 0 1 1 0 0 0
(14) 0 0 0 1 1 1 0 0
(15) 0 0 1 0 0 0 0 0
(16) 0 0 1 0 0 0 1 0
(17) 0 0 1 0 1 0 0 0
(18) 0 0 1 0 1 0 1 0
(19) 0 0 1 1 0 0 0 1
(20) 0 0 1 1 1 0 0 1
(21) 0 1 0 0 0 0 0 0
(22) 0 1 0 0 0 0 0 1
(23) 0 1 0 1 0 0 1 0
(24) 0 1 1 0 0 1 0 0
(25) 0 1 1 1 0 1 1 1
(26) 1 0 0 0 0 0 0 0
(27) 1 0 0 0 0 0 0 1
(28) 1 0 0 0 0 0 1 0
(29) 1 0 0 0 0 1 0 0
(30) 1 0 0 0 0 1 1 1
(31) 1 0 0 1 0 0 0 0
(32) 1 0 0 1 0 1 0 0
(33) 1 0 1 0 0 0 0 0
(34) 1 0 1 0 0 0 1 0
(35) 1 0 1 1 0 0 0 1
(36) 1 1 0 0 1 0 0 0
(37) 1 1 0 0 1 0 0 1
(38) 1 1 0 1 1 0 1 0
(39) 1 1 1 0 1 1 0 0
(40) 1 1 1 1 1 1 1 1